54
82
65
70
83
32
95
51
47
2
66
59
90
14
35
15
69
29
26
6
56
50
93
55
23
32
33
22
19
52
55
60
50
86
18
17
29
63
23
10
55
53
27
83
15
87
81
87
57
19
22
10
2
83
97
41
72
76
65
62
28
2
47
62
74
40
59
24
16
47
78
19
38
83
24
57
62
82
68
12
19
26
52
69
39
58
72
75
17
45
48
22
42
94
66
90
91
84
83
16
37
34
74
63
13
20
30
7
35
42
4
75
12
53
80
10
99
3
74
6
77
82
18
8
39
83
9
55
45
98
39
23
10
23
1
58
95
91
81
19
78
87
74
71
27
87
42
61
42
55
61
57
48
61
39
94
73
50
31
34
43
46
91
11
72
51
94
31
65
86
68
44
83
82
44
10
81
53
37
35
24
17
19
70
67
48
22
59
14
25
44
18
29
80
23
39
71
68
82
63
78
71
5
94
74
22
9
69
25
8
58
42
33
78
7
19
26
1
24
91
84
27
40
1
68
3
66
3
23
25
75
14
8
31
6
89
51
56
90
64
76
86
89
68
1
45
94
36
84
86
25
86
1
45
60
4
84
33
42
75
16
87
60
71
11
59
84
29
94
27
81
10
53
72
22
63
89
86
46
2
33
20
45
97
23
26
79
22
12
25
13
3
87
73
9
67
20
69
70
63
87
63
89
55
97
6
16
29
31
78
41
41
7
99
88
42
37
39
97
13
29
2
0
76
42
8
11
30
6
30
54
10
7
69
74
57
44
32
12
49
60
68
7
85
87
87
57
63
62
91
42
86
74
49
50
76
98
75
61
3
50
90
86
37
16
76
29
70
21
93
42
48
53
57
70
93
64
40
29
75
96
78
87
40
96
10
41
29
72
90
19
31
40
36
3
22
91
53
21
39
12
75
94
92
40
60
84
94
39
10
24
46
62
37
11
72
74
82
71
70
34
66
41
94
47
62
25
64
84
95
10
43
94
81
68
83
86
74
72
23
35
16
34
48
64
19
94
10
25
79
77
99
17
30
64
87
55
35
63
68
36
98
36
3
75
78
95
83
4
13
46
89
98
48
22
82
89
85
49
6
40
54
75
81
30
27
11
99
58
98
11
88
9
75
40
43
66
55
48
26
12
32
79
92
92
92
57
42
63
10
19
51
0
18
80
54
91
88
19
94
9
77
87
98
88
13
81
95
64
5
3
27
48
40
70
7
18
26
71
94
9
6
48
61
65
29
30
60
50
81
22
43
94
86
8
5
90
9
51
82
0
70
4
18
22
56
67
75
39
12
12
1
51
74
92
86
6
74
35
65
89
75
58
47
53
74
29
52
33
90
55
32
62
27
75
80
8
21
59
16
52
91
60
91
81
89
52
56
7
16
20
3
70
25
94
18
17
69
48
78
91
96
56
27
24
12
83
55
96
37
81
90
13
19
50
52
67
52
59
95
97
53
8
25
40
0
95
59
7
28
87
24
22
16
42
17
52
45
53
13
76
7
77
32
1
72
47
52
69
2
29
17
20
75
29
44
94
99
43
87
6
17
83
39
72
25
33
34
74
98
81
25
23
76
11
94
96
74
27
32
3
51
63
92
75
31
29
14
54
30
96
9
59
44
56
68
67
36
82
32
67
51
98
62
80
55
80
2
91
13
70
90
13
84
20
0
90
10
13
97
99
30
74
7
78
19
45
81
97
84
76
93
14
59
86
63
89
85
91
10
58
73
3
28
35
69
88
39
34
66
25
43
96
74
3
46
17
1
52
44
0
41
35
29
72
48
91
21
97
21
72
47
12
46
11
33
21
44
31
99
39
64
12
86
15
47
85
17
43
33
75
76
2
64
48
70
16
64
82
97
88
67
11
36
34
11
35
33
63
63
74
60
20
72
84
93
15
4
27
94
86
89
39
1
94
12
82
2
91
61
79
60
89
48
21
66
63
58
44
92
14
66
64
12
74
69
3
72
72
33
85
26
78
11
60
92
55
98
97
81
45
89
53
77
30
47
37
41
84
69
5
59
68
52
85
33
92
9
18
88
90
15
28
40
36
97
69
91
47
21
57
37
57
73
6
99
98
0
31
8
60
33
64
72
34
37
33
91
23
79
25
91
36
25
23
30
68
61
23
88
65
30
91
27
11
97
68
53
29
12
84
4
12
94
31
17
24
62
97
68
54
86
35
7
80
88
10
17
69
92
50
30
73
56
38
78
64
5
35
8
63
23
87
96
59
56
63
77
75
78
8
41
70
88
61
66
33
35
34
80
